[gd_scene load_steps=8 format=2]

[ext_resource path="res://scenes/Navigation.tscn" type="PackedScene" id=1]
[ext_resource path="res://scenes/OrbitCamera.tscn" type="PackedScene" id=5]
[ext_resource path="res://scenes/Turntable.gd" type="Script" id=7]
[ext_resource path="res://assets/turntable.glb" type="PackedScene" id=8]

[sub_resource type="CylinderShape" id=1]
height = 0.19
radius = 0.028

[sub_resource type="BoxShape" id=2]
extents = Vector3( 0.01, 0.1, 0.025 )

[sub_resource type="CylinderShape" id=3]
height = 0.18
radius = 0.15

[node name="Turntable" type="Spatial"]
script = ExtResource( 7 )

[node name="deck" parent="." instance=ExtResource( 8 )]
transform = Transform( -1, 0, 8.74228e-08, 0, 1, 0, -8.74228e-08, 0, -1, 0, 0, 0 )

[node name="OrbitCamera" parent="." instance=ExtResource( 5 )]

[node name="XAxis" parent="OrbitCamera/YAxis" index="0"]
transform = Transform( 1, 0, 0, 0, 0.816229, 0.57773, 0, -0.57773, 0.816229, 0, 0, 0 )

[node name="Camera" parent="OrbitCamera/YAxis/XAxis" index="0"]
transform = Transform( 1, 0, 0, 0, 1, 3.72529e-09, 0, 0, 1, 0, -0.073812, 5.28605 )
visible = false

[node name="DirectionalLight" parent="OrbitCamera/YAxis/XAxis" index="1"]
transform = Transform( 0.183247, 0.971622, 0.149569, -0.953329, 0.138497, 0.268293, 0.239964, -0.191753, 0.951655, 0, 0, 0 )
visible = true
light_energy = 4.736

[node name="DirectionalLight2" parent="OrbitCamera/YAxis/XAxis" index="2"]
transform = Transform( 0.967362, 0.165005, 0.192312, 0.088716, 0.490364, -0.86699, -0.237361, 0.855755, 0.45972, 3.95064, 8.27146, -0.530499 )
visible = true
light_specular = 0.013

[node name="LeverArea" type="Area" parent="."]

[node name="CollisionShape" type="CollisionShape" parent="LeverArea"]
transform = Transform( 1, 0, 0, 0, -4.37114e-08, -1, 0, 1, -4.37114e-08, 0, 0, 0 )
shape = SubResource( 1 )

[node name="HandleArea" type="Area" parent="."]

[node name="CollisionShape" type="CollisionShape" parent="HandleArea"]
shape = SubResource( 2 )

[node name="SwitchArea" type="Area" parent="."]

[node name="CollisionShape" type="CollisionShape" parent="SwitchArea"]
shape = SubResource( 3 )

[node name="c" type="CanvasLayer" parent="."]

[node name="Navigation" parent="c" instance=ExtResource( 1 )]
current_selection = 4

[connection signal="input_event" from="LeverArea" to="." method="_on_Lever_input_event"]
[connection signal="mouse_entered" from="LeverArea" to="." method="_on_Lever_mouse_entered"]
[connection signal="mouse_exited" from="LeverArea" to="." method="_on_Lever_mouse_exited"]
[connection signal="input_event" from="HandleArea" to="." method="_on_HandleArea_input_event"]
[connection signal="mouse_entered" from="HandleArea" to="." method="_on_HandleArea_mouse_entered"]
[connection signal="mouse_exited" from="HandleArea" to="." method="_on_HandleArea_mouse_exited"]
[connection signal="input_event" from="SwitchArea" to="." method="_on_SwitchArea_input_event"]
[connection signal="mouse_entered" from="SwitchArea" to="." method="_on_SwitchArea_mouse_entered"]
[connection signal="mouse_exited" from="SwitchArea" to="." method="_on_SwitchArea_mouse_exited"]

[editable path="OrbitCamera"]
