[gd_scene load_steps=7 format=2]

[ext_resource path="res://UI.gd" type="Script" id=1]
[ext_resource path="res://Main.gd" type="Script" id=2]
[ext_resource path="res://scenes/Navigation.tscn" type="PackedScene" id=3]
[ext_resource path="res://scenes/Turntable.tscn" type="PackedScene" id=8]
[ext_resource path="res://assets/UI.theme" type="Theme" id=11]

[sub_resource type="Theme" id=5]

[node name="Main" type="Spatial"]
script = ExtResource( 2 )

[node name="Camera" type="Camera" parent="."]
transform = Transform( -0.607234, -0.121852, 0.785124, 0.22795, 0.919909, 0.319072, -0.761122, 0.37272, -0.530823, 22.8047, 7.45056, -6.66046 )

[node name="C" type="CanvasLayer" parent="."]

[node name="UI" type="PanelContainer" parent="C"]
visible = false
margin_left = 151.0
margin_top = 217.0
margin_right = 223.0
margin_bottom = 335.0
theme = ExtResource( 11 )
script = ExtResource( 1 )

[node name="VB" type="VBoxContainer" parent="C/UI"]
margin_left = 10.0
margin_top = 10.0
margin_right = 68.0
margin_bottom = 114.0
theme = SubResource( 5 )
custom_constants/separation = 10

[node name="Label" type="Label" parent="C/UI/VB"]
margin_right = 58.0
margin_bottom = 14.0
text = "VINYL"
align = 1

[node name="Play" type="Button" parent="C/UI/VB"]
margin_top = 24.0
margin_right = 58.0
margin_bottom = 44.0
text = "Play"

[node name="Stop" type="Button" parent="C/UI/VB"]
margin_top = 54.0
margin_right = 58.0
margin_bottom = 74.0
text = "Stop"

[node name="Rewind" type="Button" parent="C/UI/VB"]
margin_top = 84.0
margin_right = 58.0
margin_bottom = 104.0
text = "Rewind"

[node name="Navigation" parent="C" instance=ExtResource( 3 )]
margin_left = 273.0
margin_top = 476.0
margin_right = 777.0
margin_bottom = 573.0

[node name="AudioStreamPlayer" type="AudioStreamPlayer" parent="."]

[node name="DirectionalLight" type="DirectionalLight" parent="."]
transform = Transform( 0.0126166, -0.396008, -0.918161, -0.11323, -0.912893, 0.39218, -0.993489, 0.0990152, -0.0563575, 50.2662, -1.98126, 23.3 )
visible = false
light_energy = 1.096

[node name="DirectionalLight2" type="DirectionalLight" parent="."]
transform = Transform( 0.362926, 0.604428, -0.709191, 0.914185, -0.083597, 0.396583, 0.18042, -0.792261, -0.582898, 4.25865, 0, -2.28747 )
visible = false
light_energy = 0.905

[node name="turntable" parent="." instance=ExtResource( 8 )]

[connection signal="play" from="C/UI" to="." method="_on_UI_play"]
[connection signal="pressed" from="C/UI/VB/Play" to="C/UI" method="_on_Play_pressed"]
[connection signal="pressed" from="C/UI/VB/Stop" to="C/UI" method="_on_Stop_pressed"]
[connection signal="pressed" from="C/UI/VB/Rewind" to="C/UI" method="_on_Rewind_pressed"]
